9.082524472220681 7.123902869300736
9.338178115563696 6.7179383678717475
0.01933314425118904 2.966841673439414
7.570001663043561 2.5828743357742665
1.702829237711645 7.8720226393279304
2.3996982202220485 1.8243587837703312
4.0660401732369875 9.023061863628714
8.695744658509618 4.470573415518499
5.406613688534813 7.834569042673455
1.6724059690367443 3.256080171348281
1.4405859147044064 1.944286840515409
0.8174112187569316 8.880170100132123
2.6959482254377765 6.159243690144366
6.278481568644781 8.44102470105703
3.6742036589335547 6.933380352510936
3.505202831106672 9.804066011843627
4.59580223346637 2.617726931198434
6.438766553736471 7.962492629066189
9.912147137197056 2.773368337602855
2.773082700353865 0.37642070467638455
2.767077810602764 7.805346930407676
5.329840289754771 2.528362437971886
9.893341127046059 1.7421115513211138
3.995314756085997 3.172214291294102
7.702259599351286 3.33549660080093
2.02052200087651 1.559850861681591
8.696323274704362 1.7827432208414107
2.5072485465740133 6.625964119568575
1.7157330712502794 7.571739225381382
2.2976022688746935 0.8778601900212901
